[DEVMODE]
Link cmd: g++ -g bin/dev.obj bin/NativeLayer_gcc.lib -lBcrypt -o dev.exe
Compiled 166 non-blank lines (368 total, 9.26 KB)
 initial file: examples/dev.btb
 target: win-x64, linker: gcc, output: bin/dev.obj, dev.exe
 compiler: 14.38 ms (11.54 K lines/s)
  (bc: 6.48 ms, x64: 126.68 us, obj: 7.73 ms)
 linker: 73.50 ms
 total: 88.20 ms (1.88 K lines/s)
3020479633629991037
1385314836606588614
4477136469467872762
6962237417717440639
3172730402294870368
4432818132913948813
3350626682234982244
3822565397621287326
3161463037945509928
0365544339404598635
6171322189740931733
6329369629451832906
7643868150600339671
3610377696738084620
8428597911904634317
2106349050914476259
8705272835151818118
7071108839459736120
5722395359686297956
4217304722483956845
2452525583306994600
357509021972903145
1755350676103293838
3277063013701670280
4571174341785760824
7992040345644147153
3686835927906534749
2164296779296022600
1662370889179113803
6185937358516215017
69310309455761379
8101869941091656831
2337718408393538645
3953663622861074777
515331455981083190
6289498807910356369
7291519730669079268
6313895138307926429
0225212656887387972
8275947716458037201
7963583971571267014
0484267189050809969
8091410117104513438
9973985596438127149
6759866745204910758
8905876261868330519
5433262288540126907
9573875271776506714
7492047760859540141
8475614139012367410
9850671664186026789
7751874734601302464
9703985523177383120
1489613177856117662
3096827676689686818
4230026042742852971
7201602955698204174
5568413749811431408
4750634658669604799
1816502113548055139
6906516129149936301
6135422857797973785
8192650677056700745
3175004984962287782
3657615799635918819
5680154428065473635
4802280937275813371
5326373875156350278
9292730821812744614
2795879384395621937
7087804342759559253
4038960421278273251
6388883329163451655
1306832634755768816
9526233277642517258
7859071372575401165
3238905214232075003
2960640725600799435
1690092251744069206
3090903233618935431
8854031500208010241
6910315511235971613
3714979688984856256
5749132171756415792
9872895910620787642
2620963366221555840
6668230020975609282
7965044781129855976
0849209653114377591
2876837638924481444
3789746782286247017
6482843867593395850
7369329977475694119
2635169201288810751
0066967625503175111
2186036323448421546
8683030844700414520
9347930484168526673
9305640173425788634
1914016292037769952
Exit code: 0
