[DEVMODE]
Link cmd: g++ -g bin/dev.obj bin/NativeLayer_gcc.lib -lBcrypt -o dev.exe
Compiled 166 non-blank lines (368 total, 9.26 KB)
 initial file: examples/dev.btb
 target: win-x64, linker: gcc, output: bin/dev.obj, dev.exe
 compiler: 10.60 ms (15.65 K lines/s)
  (bc: 3.90 ms, x64: 83.19 us, obj: 6.59 ms)
 linker: 71.38 ms
 total: 82.30 ms (2.02 K lines/s)
6900873495332293047
8030430722534955287
6233146066058978411
3152213223458218687
8237392440135294158
2544505457203018091
6504904486874910467
3966605516261847011
5600270902717659853
3250503265814256420
7041432541044528525
1536326572654063306
5802519144720207937
6130198028293980355
1393311307556332399
7311819240668215548
4777407161644537426
5303463890728460538
5455801419941862939
2922453080207745251
6613687282213852005
5851615428152168861
2787767782478010253
2148303343718726176
5214334985810187565
7305759881721747238
4899829050050918733
5613812756936038536
5902237193904190062
5210597570623147720
3178371695065652913
3711231448042954843
3239177090520515763
0601115155944669074
6159186826432582457
8370306824855269602
5793151843998987492
1813208167154331614
5024990303666275639
8382698635388368262
0493893639430028025
7004543573872445322
5455585917418694488
4068060123245930167
4545228496057908330
2608042250535135098
6839446343053742583
1128843344282444123
9589423641098012267
2326137544269796105
5878651426668018884
2354881661013992637
7085806301130032438
3104146834873573518
1376585817601314452
5839321850094020775
5913545375605738636
1723213193837039919
5584437416930517746
6037095198623247464
1426114047912413966
5247428975183741535
3716125917225777699
7303925214335761571
7697855016365075600
7095408971337171655
7669424412201614570
2451911395954710109
6700399266682852591
4381940229383094934
6739509997979360723
1538040729152934170
9685186033373654189
6603871391148900180
8380986778871682217
2674231187687840984
0328205424159382171
4063548359509050345
9200623073470147919
1343289859165628419
6920853116943037920
8979680302555261274
6197972491556039941
4023217640601444796
6661465661345103731
7924111965017102426
9341598208455943577
7701005902264530766
6819686695963038418
6837849301607649780
6678805634065067999
2110812186980052430
5126245828951099414
4325619521373098553
5110125710484939679
8019836300234837065
6773163976199190843
9189026325263771160
1793305027211361353
8257619924840546914
Exit code: 0
